header:
  stamp:
    sec: 1781627833
    nanosec: 92419975
  frame_id: camera_color_optical_frame
point:
  x: 0.2791863004830622
  y: 0.06665987041498496
  z: 0.5976677435713941
depth: 0.5976677536964417
valid_depth_ratio: 0.636781632900238
depth_stddev: 0.019901026040315628
roi_width: 29.0
roi_height: 45.0
source_u: 610.0
source_v: 306.5
detection_width: 28.0
detection_height: 45.0
depth_source: mask
measurement_confidence: 0.48737096786499023
valid: true
