header:
  stamp:
    sec: 1781627837
    nanosec: 371675975
  frame_id: camera_color_optical_frame
point:
  x: 0.30721704838788727
  y: 0.06999410569773844
  z: 0.6158472601717481
depth: 0.6158472895622253
valid_depth_ratio: 0.6393939256668091
depth_stddev: 0.03168685361742973
roi_width: 22.0
roi_height: 45.0
source_u: 629.0
source_v: 308.0
detection_width: 22.0
detection_height: 44.0
depth_source: mask
measurement_confidence: 0.40079617500305176
valid: true
