header:
  stamp:
    sec: 1781627766
    nanosec: 117087975
  frame_id: camera_color_optical_frame
point:
  x: 0.04517955911727043
  y: 0.11272727818083843
  z: 0.5090265358960536
depth: 0.5090265274047852
valid_depth_ratio: 0.6197980046272278
depth_stddev: 0.008410252630710602
roi_width: 55.0
roi_height: 45.0
source_u: 383.0
source_v: 372.5
detection_width: 54.0
detection_height: 43.0
depth_source: mask
measurement_confidence: 0.7514113783836365
valid: true
