header:
  stamp:
    sec: 1781627742
    nanosec: 763628975
  frame_id: camera_color_optical_frame
point:
  x: 0.03973871749076753
  y: 0.10634433105267578
  z: 0.5072101990888197
depth: 0.5072101950645447
valid_depth_ratio: 0.6495726704597473
depth_stddev: 0.0050822291523218155
roi_width: 39.0
roi_height: 57.0
source_u: 377.0
source_v: 365.5
detection_width: 38.0
detection_height: 57.0
depth_source: mask
measurement_confidence: 0.7526983618736267
valid: true
