header:
  stamp:
    sec: 1781627747
    nanosec: 772680975
  frame_id: camera_color_optical_frame
point:
  x: 0.044744452327693404
  y: 0.10646718603657922
  z: 0.5080028984791165
depth: 0.5080028772354126
valid_depth_ratio: 0.6642586588859558
depth_stddev: 0.005333751905709505
roi_width: 51.0
roi_height: 57.0
source_u: 383.0
source_v: 365.5
detection_width: 50.0
detection_height: 57.0
depth_source: mask
measurement_confidence: 0.8252965211868286
valid: true
