header:
  stamp:
    sec: 1781622287
    nanosec: 650050790
  frame_id: camera_color_optical_frame
point:
  x: 0.01759140512700372
  y: -0.020501073665670326
  z: 1.006109411339611
depth: 1.006109356880188
valid_depth_ratio: 0.49739131331443787
depth_stddev: 0.011227020062506199
roi_width: 23.0
roi_height: 25.0
source_u: 341.0
source_v: 227.5
detection_width: 22.0
detection_height: 25.0
depth_source: mask
measurement_confidence: 0.4411022961139679
valid: true
