header:
  stamp:
    sec: 1781622348
    nanosec: 189912790
  frame_id: camera_color_optical_frame
point:
  x: 0.017288206000071048
  y: -0.01977719404231819
  z: 1.007744804758075
depth: 1.0077447891235352
valid_depth_ratio: 0.4162963032722473
depth_stddev: 0.0017711638938635588
roi_width: 25.0
roi_height: 27.0
source_u: 340.5
source_v: 228.0
detection_width: 23.0
detection_height: 26.0
depth_source: mask
measurement_confidence: 0.4005577564239502
valid: true
