header:
  stamp:
    sec: 1781627618
    nanosec: 300307975
  frame_id: camera_color_optical_frame
point:
  x: 0.03715219023851947
  y: 0.04396991314376982
  z: 0.747928261989198
depth: 0.747928261756897
valid_depth_ratio: 0.5851428508758545
depth_stddev: 0.0044487775303423405
roi_width: 25.0
roi_height: 35.0
source_u: 360.0
source_v: 275.0
detection_width: 24.0
detection_height: 34.0
depth_source: mask
measurement_confidence: 0.5100284218788147
valid: true
