header:
  stamp:
    sec: 1781627760
    nanosec: 79687974
  frame_id: camera_color_optical_frame
point:
  x: 0.044402454736421425
  y: 0.10608371462789071
  z: 0.5100925821211196
depth: 0.510092556476593
valid_depth_ratio: 0.5802714228630066
depth_stddev: 0.009004407562315464
roi_width: 53.0
roi_height: 57.0
source_u: 382.5
source_v: 364.0
detection_width: 51.0
detection_height: 56.0
depth_source: mask
measurement_confidence: 0.786415159702301
valid: true
