header:
  stamp:
    sec: 1781627803
    nanosec: 900596974
  frame_id: camera_color_optical_frame
point:
  x: 0.31517970914490895
  y: 0.050404827395692374
  z: 0.6605531407490218
depth: 0.6605531573295593
valid_depth_ratio: 0.6949074268341064
depth_stddev: 0.01471098605543375
roi_width: 48.0
roi_height: 45.0
source_u: 616.0
source_v: 285.5
detection_width: 48.0
detection_height: 43.0
depth_source: mask
measurement_confidence: 0.6606982946395874
valid: true
