header:
  stamp:
    sec: 1781622377
    nanosec: 613943790
  frame_id: camera_color_optical_frame
point:
  x: 0.02827328641101226
  y: 0.04469135912154003
  z: 0.7487363454338409
depth: 0.7487363219261169
valid_depth_ratio: 0.44077134132385254
depth_stddev: 0.004005817696452141
roi_width: 33.0
roi_height: 33.0
source_u: 352.5
source_v: 275.5
detection_width: 33.0
detection_height: 33.0
depth_source: mask
measurement_confidence: 0.38984382152557373
valid: true
