header:
  stamp:
    sec: 1781622318
    nanosec: 168775790
  frame_id: camera_color_optical_frame
point:
  x: 0.013935691662256416
  y: -0.020504121343058464
  z: 1.006968583720773
depth: 1.00696861743927
valid_depth_ratio: 0.4651851952075958
depth_stddev: 0.005424471106380224
roi_width: 27.0
roi_height: 25.0
source_u: 339.0
source_v: 227.5
detection_width: 26.0
detection_height: 25.0
depth_source: mask
measurement_confidence: 0.4292200803756714
valid: true
