header:
  stamp:
    sec: 1781627705
    nanosec: 842606975
  frame_id: camera_color_optical_frame
point:
  x: 0.04473266931701606
  y: 0.10638608620625077
  z: 0.5078691439673864
depth: 0.5078691244125366
valid_depth_ratio: 0.6463941335678101
depth_stddev: 0.0051322453655302525
roi_width: 51.0
roi_height: 59.0
source_u: 383.0
source_v: 365.0
detection_width: 50.0
detection_height: 58.0
depth_source: mask
measurement_confidence: 0.8198009133338928
valid: true
