header:
  stamp:
    sec: 1781627774
    nanosec: 741944975
  frame_id: camera_color_optical_frame
point:
  x: 0.04811721679028522
  y: 0.11215343742807146
  z: 0.515711820392544
depth: 0.5157118439674377
valid_depth_ratio: 0.2920575439929962
depth_stddev: 0.0063260202296078205
roi_width: 41.0
roi_height: 39.0
source_u: 386.0
source_v: 370.0
detection_width: 40.0
detection_height: 38.0
depth_source: mask
measurement_confidence: 0.27234792709350586
valid: true
