header:
  stamp:
    sec: 1781627872
    nanosec: 335519974
  frame_id: camera_color_optical_frame
point:
  x: 0.2721285030296211
  y: 0.06531293427446086
  z: 0.5901757180634971
depth: 0.5901756882667542
valid_depth_ratio: 0.4476190507411957
depth_stddev: 0.013448115438222885
roi_width: 21.0
roi_height: 45.0
source_u: 606.0
source_v: 306.5
detection_width: 20.0
detection_height: 43.0
depth_source: mask
measurement_confidence: 0.2998979091644287
valid: true
