header:
  stamp:
    sec: 1781627605
    nanosec: 794264974
  frame_id: camera_color_optical_frame
point:
  x: 0.034708751104573485
  y: 0.0442494803248346
  z: 0.7490528336795326
depth: 0.7490528225898743
valid_depth_ratio: 0.634482741355896
depth_stddev: 0.004235141444951296
roi_width: 29.0
roi_height: 35.0
source_u: 358.0
source_v: 275.0
detection_width: 28.0
detection_height: 34.0
depth_source: mask
measurement_confidence: 0.5622535347938538
valid: true
