header:
  stamp:
    sec: 1781627853
    nanosec: 725731975
  frame_id: camera_color_optical_frame
point:
  x: 0.2891424830445602
  y: 0.0693932688293654
  z: 0.6007343370385264
depth: 0.6007343530654907
valid_depth_ratio: 0.59494948387146
depth_stddev: 0.011317054741084576
roi_width: 44.0
roi_height: 45.0
source_u: 618.5
source_v: 309.0
detection_width: 43.0
detection_height: 44.0
depth_source: mask
measurement_confidence: 0.5123234391212463
valid: true
