header:
  stamp:
    sec: 1781627662
    nanosec: 917356975
  frame_id: camera_color_optical_frame
point:
  x: 0.03617317853309935
  y: 0.044980103155218
  z: 0.7515889067589505
depth: 0.7515888810157776
valid_depth_ratio: 0.5507389307022095
depth_stddev: 0.003137326566502452
roi_width: 29.0
roi_height: 35.0
source_u: 359.5
source_v: 276.0
detection_width: 29.0
detection_height: 34.0
depth_source: mask
measurement_confidence: 0.4857349991798401
valid: true
