header:
  stamp:
    sec: 1781627888
    nanosec: 158814975
  frame_id: camera_color_optical_frame
point:
  x: -0.18954451785153587
  y: 0.001229200246350281
  z: 0.9719964717605043
depth: 0.9719964861869812
valid_depth_ratio: 0.451200008392334
depth_stddev: 0.02833184413611889
roi_width: 25.0
roi_height: 25.0
source_u: 213.5
source_v: 240.5
detection_width: 25.0
detection_height: 25.0
depth_source: mask
measurement_confidence: 0.32641318440437317
valid: true
